1000072
1001111
1002760
1002872
1004160
1004367
1019350
102854
1029338
1036672
1036933
1038438
1044479
1050637
1051050
1051887
1055187
1059976
10600601
10661701
1066676
10683501
10700701
10701801
10703401
10730701
1075332
10763803
10765901
1081238
10817301
1084678
1085176
10901402
10936702
10990301
11011703
1101811
1102111
1102833
1104532
11050901
1105989
1106479
11066203
1108134
1109911
1110110
1110711
1111011
11111001
1111111
1111138
1111151
1111167
1111168
1111178
1111211
11114101
11115603
1111572
1111632
11116501
1111862
11119901
1113311
11144001
1114611
1115611
11167401
1117111
1118011
11201503
1121278
1123111
1126511
11266301
11300001
11300303
11319103
1131911
1134211
1135876
1136711
11400001
1142034
1142311
1143911
1147311
1147437
1147511
1148011
11500001
1150511
1151876
1153811
1154976
11601001
1161011
1161911
1166611
1166711
1168711
1168911
11702101
1170511
11719802
1172711
1173811
1178911
11792301
1180034
1183611
1184111
1184711
1185911
1187963
1188866
1188963
1189311
1190211
1195911
11962202
1197274
1197311
12003501
1201966
12034001
1206332
1208711
12151202
12155501
1221211
12221102
12222001
1222263
12227903
12326902
1234
1234533
12350102
12363101
12383202
12388702
12436901
1245673
1252276
1255568
12625001
1264938
1265011
1266550
12677101
1274376
12754901
1277778
12849803
1285760
1285866
1286532
1290976
12981901
1300150
13013703
13082803
1310068
1311276
1313630
1313976
13227201
13299802
13303003
1331111
13315702
1333360
1333363
1335460
1336071
1337432
13472303
13484602
13505001
13509902
1353439
13555002
1355937
13568602
13584002
1363631
1368973
13778901
1379971
13837403
13876503
1388574
1391111
1392276
1403333
1408738
1410062
1428076
1435471
1441663
1441735
14420501
14428503
1444432
1444475
1445130
1447537
1450031
14506003
1452075
1452334
1459068
14642103
1466663
14678103
14684803
1469071
14715303
14779203
1478475
1481730
1481867
1483939
14873503
1490634
14907903
1492838
1500031
15045703
1504989
1506666
1507030
15081303
15091901
1510062
1512151
1519237
15219202
15264503
15286901
15296103
15301101
15341101
15342902
1535630
1536612
15367901
1538865
15393902
1544730
1545458
1546139
1548467
15497603
15505001
1553433
15572902
15608803
1562233
15665801
15666602
15675201
1570739
1572885
1573763
1574454
1577762
15828903
1584654
1588767
15890503
1590364
1591086
1591832
15922703
15960401
1599437
1604238
16080302
16111302
1614478
1617937
16197302
16217002
1623130
16231702
16244001
1628034
16300003
1630860
1632531
1634775
16376602
16456501
1646776
16498103
1652130
1656678
1661311
1661738
16625901
1665231
16655702
1666674
1666764
16668901
1677776
16779501
1679275
16798802
16801301
1685878
1690961
1693030
1693928
1695933
16965001
1699087
1699333
1703071
1704013
1705071
1710932
1711835
1714030
17187202
17265304
1729235
1732371
1733334
1737861
17418202
17422502
1747764
1749471
17551702
17576902
1760312
17660701
17675202
1769838
1771111
1771776
17736601
17751902
17777901
1780039
17808602
1783438
1784171
1796032
1797067
1799238
18016301
18030701
18042103
1806330
1806732
18091303
18130602
18172101
1821452
18241701
18246302
1824867
1825252
1836654
1840275
1840611
18409701
1841275
1845575
18463003
18478203
18503003
18517503
18531902
1855330
1856365
18577501
18597701
1866068
1869511
18743103
18754804
1875974
18762902
18778601
1886666
18876701
1888159
1888412
18888701
18889502
18892102
18934403
1900075
1905776
19078603
19100004
1911161
19133002
19210502
1922966
1925062
1925530
19288203
19325101
1933367
1933667
1934476
1941367
19446602
19502902
1952630
1953278
19580601
19613402
1963065
19646602
1965430
19654402
19662001
1966631
1966633
1969167
1969863
19756301
19772501
1981861
1988139
1989533
1990036
1990038
1991938
1992134
1992165
19926202
19945603
2000071
2001111
2001437
2001772
2002030
20021001
2003330
2006767
20093203
20109501
2011966
20128401
2021276
20218601
20263001
2027050
20357201
2040952
20523902
2055331
20561802
2057074
2066669
20706601
2076853
2079733
208303
2084630
2090011
2090650
20989803
20996203
2103778
21067701
2108322
2110135
2111168
2112576
21146401
2121211
2121212
2133312
21336302
21344101
2135030
21361301
2140378
2140730
2142237
2145678
2146951
2148412
2153430
2153566
2155565
215630
2156512
21568401
2159330
2161317
21619401
2163580
2165734
21710502
2171476
21777701
2177772
21819502
21822103
2182833
2183812
21890002
2190351
21997802
2200039
2200073
2201111
22016201
22026002
22077001
2214876
22170701
22174202
2217972
22200001
2220037
22203701
2220733
2222166
2222168
2222271
2222273
2222322
2222476
2222730
2222772
2222972
2227272
2233339
22342801
22345601
2234565
22396603
2247271
22487003
2249166
22509501
22553502
22563701
2261278
2262421
22709802
2273938
22751402
2275480
2277772
2280932
2287966
2288866
2290033
22930602
22978501
2300066
23007303
23027901
23039101
23106002
2310678
2311132
23119503
2322271
2323666
23287101
23299401
23320903
2332332
2333111
2334176
23344201
2335331
23377501
2344432
23453201
23473802
2352966
23547001
2358767
23704101
2371330
2376666
23773403
2379237
23833302
2385762
2390762
2392932
2397138
2400061
2400067
2402261
24035401
24046103
2415275
24161903
24163702
24200001
24222201
24238002
24243002
24262002
24265701
2427870
242957
24345402
2436380
24433102
2444472
24446302
2445179
2448330
24519003
24549301
24564401
2460270
24636902
24682802
2469334
2474564
24748402
24777802
24783501
24811102
24820202
2482859
24848602
2486478
2488812
24916503
2493333
24959901
24965702
24966502
2500064
2504811
2508233
25089601
25116501
2520150
25205101
2522275
2528234
2528876
25304901
2533263
25439203
2545438
25506003
2550969
2551039
25514203
2553333
25533403
2555030
2555572
25599303
25602701
2564537
2564612
25648503
2566662
25745601
2574851
2576838
25786902
25800001
2582678
2583272
2583911
25888303
25898201
2591137
25913302
25950101
2600076
2600079
26066003
2608062
26095801
26110101
26120104
26121102
26145602
2619572
26245703
26253001
2626676
2630138
2630576
2636011
2637362
2640464
2641120
2644430
2644462
2644764
2650232
26519501
26543403
2656738
2660666
2662637
26631202
2664534
2665339
26664302
2666630
2666671
26715302
26715402
26726103
2673478
2675850
2676069
2677772
26865501
2703973
2711211
27206103
27206303
27208103
27208303
2721111
27215202
27218203
2722031
27274203
2727964
2728272
2729239
2735484
2739839
2747474
27507302
27517103
2753770
2753979
2760074
27632201
27639802
2769830
27700001
27701803
2772734
2776270
2779567
2786974
2795917
2795972
2801111
2802731
28107602
28126001
28131603
28132802
2818667
2820839
2827474
2837763
28387102
28400001
2843333
28521201
2853037
2854039
2854175
2866669
28673201
2870634
2870867
2876666
28774401
2877766
2882534
2887970
2888813
2889938
2900504
2902280
29083703
2909853
29100701
29149201
29157401
2915770
29160501
2920080
2923537
2924779
2926478
29311601
29355801
29360801
29394101
2952523
29551801
2957431
29657001
2966674
29669802
29690601
29701101
29706501
2975914
2984637
29895801
2990060
2995179
29952201
29954701
29993002
29999401
2999967
3000013
30041701
30097202
30130502
30264001
3026834
302900
30290901
3030080
3030327
30314503
30326001
30363401
30365402
3037575
3044333
30447102
30457701
30470003
30484002
3049775
3050152
3055538
3059611
3061080
3061517
3066053
30698001
30700101
3070138
3072470
3075386
3077030
30800302
3080686
3081176
30863203
3092573
3094980
3099754
3100656
31006802
3102437
3106656
3107013
3107270
31089101
3111139
3113286
31144203
3118113
3118862
3122778
31231601
31243703
31244001
31248801
3125052
31289402
3140013
3141330
31428201
3144413
31484701
3153770
3158513
3159211
31610401
3165535
3166611
3167612
3169852
3185174
31954203
31956003
3196913
3198913
3200379
32032703
32058302
3211111
3221111
3221113
3222266
32226703
3223333
3224856
32251502
32294303
32294402
32302302
3232233
32326302
3236130
3236160
3241031
3241573
32448202
3245423
3255271
3255555
3263623
3270560
3278565
3281111
3281560
32828702
32893302
32895402
3290254
3296272
3297373
3303330
3304233
3311834
3315333
3315733
3316733
3320659
3322333
33268603
3332033
3333111
3333333
3333351
3333774
3333878
3333920
3334233
3336366
3337333
33377401
3337773
33392002
33400001
3340733
3344433
3347133
3347665
3354317
3355833
3356333
33583102
3358538
3366669
3369933
33701401
33768301
33771803
3379033
3383433
3386933
3387156
33888801
33901402
33939901
3394933
3396533
33974701
3399960
34044601
3406139
3406666
34091201
3410862
34125401
34147001
34154101
34170301
34174501
34178001
34250603
3432075
3433330
3433333
3433366
34355501
34372603
3440073
3441776
3442230
3444434
3444467
3447017
3449732
3456775
3459554
3466669
3475139
3475764
34768201
3477779
34783502
34785201
3479236
34800001
3482860
3485455
3488830
3488834
34888701
34935701
3496666
3501687
35055402
3512337
3513337
35148801
3515478
3520078
3520152
3525267
3530570
3531811
3536353
3539934
3543453
3544811
3550653
35523302
35544902
35545802
35551102
35554402
3555554
3555560
35556902
3559930
35660602
3566662
3567976
3571678
35750203
3577053
35821103
35826202
3582770
3584174
3587787
3587867
3588953
35980003
3599953
3600730
3603064
3610611
3610673
3611113
3611164
36269001
36281103
36329002
3633334
3633354
36362402
3636633
36398301
3645463
36477201
3649438
36509201
36561901
36577301
3664270
3666366
3666611
3666614
3666623
3666662
36690902
3669870
36704003
3670631
3677763
3688930
36930002
3693554
3695262
36995901
3701073
37021101
3703069
37031002
3703737
3704073
37051801
37089002
3711173
37189101
37216603
37222201
37225701
37237201
37359501
37373302
3737737
37389201
3741131
3742473
37447401
37465501
37466101
3748473
3768514
37699702
3776666
3777713
3777759
3777763
37804601
37836802
3785163
378658
3788833
3788879
37914102
3791830
37920902
37923503
37931802
3800769
38021503
3802854
3804780
38096201
38114903
3812273
38210503
3821137
38219401
3822711
3822737
3824576
3838038
38427901
3844737
38447903
3844852
3851275
38516403
3858114
3859187
3862430
38650102
3866668
3867254
3870616
38739401
38773602
3880133
38814603
38816501
38827102
3883311
3884437
38850203
3887632
3898134
3898770
38993201
3900067
3900972
39016701
39055202
39077003
3908538
39128601
3913075
3915555
3915660
3918973
39192903
39209302
39238303
3926272
3929069
39303901
3932438
3933339
39349202
39365902
3939078
3939178
39406102
39416402
39438802
3946955
3953532
39607603
3961031
39651401
39717602
39719901
39739701
3975754
39796601
3981111
3982753
3984731
39864401
3988532
39900001
39903003
3990538
3991332
39969402
39974501
39974601
39976601
39977201
3998358
3999666
3999953
3999955
3999967
3999973
4000014
4000030
4000065
4000079
40038802
4006131
4007975
40095002
40128502
4015674
40200302
40206502
40211102
4024039
4025254
4028769
4032353
4032385
40345001
4034631
40359802
4038611
40387901
4038854
4039680
40400001
40401201
4041011
4042238
4048381
4048431
4051314
4055253
4055370
40603002
4066670
4067038
40777703
4077771
40790703
4082111
40872801
40883802
4093253
4094137
41000001
4104680
41098701
4110114
4111112
4111171
4111174
4111175
41132303
4113461
4115658
41164202
4120080
4122279
4124712
41305101
4132607
41425001
41434001
41473003
4147474
41494003
4155155
4157273
4158770
4167026
41682103
4170217
41712801
4177770
4178632
4179666
4182273
4186633
4188131
41912201
4194573
4194773
41959203
41975702
4199232
42000301
4200564
42005901
4203431
42103001
4216666
4222266
4222634
42321302
4233333
42358502
42394702
42419102
4243480
4251912
4256666
4259934
42616601
4262076
42632802
4269678
4273060
42749001
4277776
42822802
4292708
4294937
42980503
42989801
4299566
43005603
4303431
4304180
4306038
43061302
4314038
43156401
4321338
4323531
43237801
43256601
4330166
4333356
4335739
43362302
43434303
4344473
43456302
4346759
43489901
43494403
4350680
4350954
4352876
4358732
4368575
43730801
4377164
43855701
43864202
4393611
4394954
4395555
4395976
43981302
43982802
4400711
4404831
44059501
4414411
4415032
4416374
4416666
44169202
44191803
4422254
4425180
4428539
44300001
44312701
44361902
44389001
4441032
44415902
44422802
4444034
4444169
4444268
4444352
4444412
4444426
4444435
4444454
4444458
4444532
4444562
4444664
4444771
4444836
4444959
4445760
4451167
4452375
44535402
4455552
44556602
4456337
4462585
44633601
44645202
4464664
44677702
44699901
4471111
44719601
4472235
44729802
4477776
44930903
4495739
4499966
4501867
4504454
45058801
4510459
4513333
45139801
4520611
45206801
4525054
4530755
45315202
4531954
4533264
4534336
4544479
45454402
4545659
4548680
45503701
45527701
45540002
4555010
4555439
4555576
4561412
45627201
45678803
45687301
4572031
4572754
45738103
45739902
4580974
45823301
45852001
4586230
4586666
4586854
4588154
4588258
4588886
4589350
45946402
45950501
45956001
46000001
46013702
4604664
4607772
4614838
4620055
4621976
4625639
46283301
4629780
4637930
46411702
4644468
4644664
46501103
4654074
4657250
4657255
4661155
4664334
46736401
46754901
4676012
4679863
4682830
4688864
4690368
46921101
46923901
46926201
4699032
47008401
47015802
4704130
4704430
4704630
4706932
4707364
4708030
4708530
4708730
4710630
4710830
4712030
4712330
4714174
47155902
4717630
47179002
4718930
4719930
4720230
47214201
4722265
47224002
4723230
4724751
47248402
4727230
4729579
4732330
4733379
4733874
4737331
4737854
4739830
4740013
4743330
4744830
4749230
4749413
47499502
4753130
4755430
4755530
4757230
4758230
4759574
4760074
4764930
4766930
4768630
4769038
4770730
47713503
47715701
4771930
47727602
47727902
47739901
4775367
4776774
4777830
4777979
4784430
4784874
4785830
4786030
4786430
4786972
47880501
47882003
4788730
4789650
4796630
47988901
4803333
48048002
4816753
4818614
4822275
4826212
4828968
4831231
48500501
4855550
4857152
4866866
4872771
4872875
4876137
4877774
4880439
4888111
4888862
4888880
48929001
48949801
4895373
4896576
491440
4920954
49221701
4922476
4926981
4930637
49326003
4934468
4941375
4942830
4944212
4947868
4948639
49530203
4956733
4957763
49690901
4971661
4972037
4972556
4976137
49771401
49777301
49815601
49820603
49828001
49882302
49888002
49895601
49920301
49978402
50000101
5000050
5000166
50010301
50023801
50035103
50039601
50041002
50046401
5011169
50113602
5011380
5019430
5019734
5028579
5034474
50354003
5039052
50443802
5044611
5046131
5051861
5054134
5056175
50578402
50598901
5062168
5064253
5064338
5065337
5075533
5085370
5091426
50941001
5104133
5104664
5106065
5106438
51070801
51090101
5110885
5112174
51241502
5129565
5130233
51327102
5137058
51383101
5138966
51422401
5144774
51448803
5146086
5151581
5156875
51643502
51650602
51651601
5166152
5167375
51749101
5177854
5178512
5178634
5180912
5181262
5183356
5183414
5185437
51858502
5187279
51925801
5194016
5198672
5204752
5207156
52100502
5211114
52116501
5213817
5219316
52204502
5220768
5223465
52253503
52309701
52338102
5236266
52363203
5252311
5255071
5259934
5263333
5264834
52665001
5266537
5266661
52686001
5271853
5272314
5276237
5277773
5280661
52818202
5283954
5287987
5288068
5291011
52951403
5300711
53017902
5306676
5307312
53122402
53154002
5326666
5333339
5333369
5333375
5335553
5339637
5339813
5340030
53415701
5344454
5345676
5345838
53476402
5347881
53505402
5359330
53595702
5361611
5366319
5366660
5369354
5377776
5380831
53840901
53880701
53890503
53968601
53976101
5397633
5398960
5399937
5400768
5408712
5410068
5413367
54146502
5422227
54244901
54263601
5432136
5432152
5432174
5432353
54375701
54377202
5438010
5438774
5444434
5444436
54491503
5456334
54575401
5458632
5460057
54605202
5462516
5468885
54750901
5476666
5480327
54833302
5486862
54891102
5489353
5489670
5499126
5500130
55003001
5501623
55028102
55055501
55101801
5511626
55120201
5512765
5513333
5515432
5515511
55166202
5516856
55175501
55205201
5521457
5528759
5534075
5535312
5536781
5541855
5547312
5549862
5550255
5555169
5555232
5555266
55554001
5555473
5555531
5555570
5555675
5555776
55559301
5557779
55588002
5559071
5559655
5560055
5560738
5561231
5561255
5564652
5565912
5570355
5579775
55799501
55848001
5584876
5585269
5587734
5588851
5593411
5595731
5597734
5600065
56048503
5608167
5610373
56107901
5611135
56124801
5612663
5622237
5622530
5622739
5624371
56272201
5628564
56287802
5630853
5633330
5636364
5645012
5648465
5650673
5655552
5656881
56577202
56652201
5665566
5666139
5666563
5666630
5666664
5666671
5670334
5675370
56761302
5679185
56811102
5683975
5686134
5686534
5688965
5691220
5693830
56940002
5694074
56943602
5694437
5696426
5701334
5704276
57057002
57067102
5707431
5710037
5722185
5722739
5723275
5726666
5729280
5731433
5732475
5732875
5733616
5746830
5749130
5750011
57521701
5753575
5754930
5755632
5755934
5758575
57611202
57647901
5766612
5766665
5768071
5770280
5771361
57734901
5777734
5777753
5778237
57785701
57859701
57867701
5788560
5791874
57930001
57933602
57957801
5796337
57987301
5798916
5800030
5801075
58032910
58071202
58077802
58078102
58078402
58083902
58084302
58088502
58089202
5810060
5811111
5813570
58175001
58184501
5820552
5824672
5825285
5825632
5826637
5832174
5834432
5837353
5838476
5840058
5840789
58407903
58458003
5846569
58539802
5858858
5861685
5863337
5865473
58656701
5866264
58673202
5867713
5869585
5870367
5877770
58796502
58814302
58823202
58845602
58847801
5887686
5888814
5892985
5897580
58982501
5898986
59007702
59034802
59055802
5908411
5908676
5909153
5916566
5919609
59210702
59225301
59235601
59271101
59289502
59292301
5930853
5935534
59360201
59369701
59370902
59392501
59427201
5952539
59545801
5955553
5959365
5960461
59609501
59611701
59613202
59631603
5966178
5966669
59688001
59697001
5974557
5975231
5977779
5980930
5982338
59826102
5983660
59873502
59877402
59888202
5988871
5989853
59914401
5991676
59922701
5994111
59970201
59999002
5999970
6000012
6000063
6000066
6000072
6000514
6001138
6004452
6007176
6007970
6011114
6011672
6014116
60156802
60158501
60182401
6022634
6023456
6029038
6029138
6029616
60300602
60315001
6034253
6034634
6035316
60360301
60370601
6046666
6048219
6052030
60594901
6060560
6061016
6061674
60641902
60656901
60659302
6066066
6066661
6067474
6068172
6072753
6073116
60732701
6074116
6074954
60817201
60817602
60818102
6082118
6085116
60862601
60863602
6096331
61004601
6100831
61019701
61038802
6104038
6104157
61046601
61058502
6107016
61099902
61100101
6110116
6111178
6111812
61166301
6118089
61239301
6129216
6131530
61329101
6133752
6133765
6140126
6144675
6146538
6150152
61511601
6152312
6154516
6154616
6155516
6155554
6163961
61664302
6166616
61679202
61683502
61685002
61725902
6172763
61773102
6177716
6179716
61805402
6184334
6191566
6191916
61947202
61950102
6195154
6195916
6199916
62006302
6201053
6202438
62045901
6206937
6208516
6212030
6214361
62155301
6216473
6216761
62183802
62186802
62211001
6222270
6225085
6225226
6226659
6228986
6230016
6230079
6233575
6234150
62343201
6235554
6235874
6239554
62438701
62527301
62554001
6255553
62558303
6261060
6261454
62639201
6269237
6276370
6276862
62785801
6280576
6280657
6281114
6288278
6288778
62894801
62965102
6303333
6305555
6311369
6318355
63193201
63209502
6327639
63277701
63280901
63285602
6333311
6333331
6333350
6333386
6333666
63363301
63392401
63408701
6345673
6349226
6351111
6355566
63565302
6360478
6366166
63686001
63700001
63737002
6373711
63820002
6383234
63847003
63881501
6388462
6390132
6392811
6393132
6395611
6396861
6397511
64006002
6403676
6404770
6404872
6405255
6405262
6408916
6410029
64106101
6412760
6413658
6413852
6414131
6414566
64164101
6422269
64222902
6425470
6432554
6433339
6433375
64339402
64342701
6435271
64359001
64385402
6441963
6444433
6444454
6444473
6445554
6453278
6456666
6464326
6466416
6466672
64667401
6468476
6472363
6475068
64764102
6476578
6477453
6477776
6478516
6483333
6485511
6486576
64915602
6495731
6500065
65045603
6519223
6521170
6528376
6529669
6529769
6534567
65346802
6543252
6544454
6547437
6548570
6552164
6552254
6554454
6555655
6567034
6569334
6570734
6571180
6572134
6573934
6574756
6578523
6580373
6582573
6584011
6584769
6585075
6587780
65896201
6600072
6601376
6601930
6606053
6611666
66116801
66167102
66203201
6622281
6623380
66263602
66280201
66286201
66317502
6636666
6637965
66399001
66415001
6641639
6641832
6642176
66430702
66522701
6654454
6657539
6658566
6660660
66618302
6666076
6666265
6666271
6666318
6666469
6666474
6666531
6666554
66666702
6666766
6666775
6669666
66773501
6681252
6685866
66864701
6687866
6688236
66900001
6696617
66967201
6700066
67034101
6711179
6712814
67139902
6714380
67172002
67172802
67212502
6722228
67246402
6727476
6727975
67283902
6730078
67316501
67323401
6736452
6737878
6741476
67565202
67565402
6757576
6761213
6762153
6763676
6765011
67660501
67691302
6776611
67769501
6777736
6777763
6779276
6783876
6784853
6785033
6791966
6795976
6800069
6800070
6801879
6803737
6806355
6808978
6810471
68113702
68142102
6816666
6823553
6827655
6830075
6832326
6835913
68403801
6846666
68485902
68537501
68555602
68618002
68635901
6866666
6869013
68698902
6871039
68733302
68761602
68771101
6880975
6881039
68833701
6885633
6885637
6887553
6888870
6888878
68905401
6893164
6895575
69040901
6904355
6906867
6906970
6909954
69184601
69196303
6921534
6924470
6929854
69312702
69328402
6941454
69433302
69492402
6951038
6951211
6952866
69540802
69559202
6958278
6959854
69632602
6964023
69660902
69666302
6966666
69733301
6975430
6977779
6977864
6980739
6983139
69873001
6987711
6988869
69893201
69919202
6993070
6999960
6999961
7000052
7000075
7000871
7006852
70101401
70120702
7017054
7033171
7034368
7034970
7036365
70365103
70417602
7044571
70531701
7054574
70603501
7063861
70643401
7066637
70702002
7072670
7076666
7077770
7082567
7085333
70871001
7088175
7092764
7099954
7103955
7105966
7109366
71101202
7111176
7111178
7112153
71123102
7113155
71169101
7117154
7120538
7122226
7125211
71263302
7128111
7130111
71319302
7137468
7141373
7142365
71466802
7152785
7154875
71551901
7158765
7164673
71712301
7174867
71753501
7185676
7186666
7186734
7191111
71971802
7197852
71985402
7199032
72004602
72064602
72065601
7207170
72153501
7221111
7221154
7222223
7222254
72252002
7228039
7228967
72318302
7236666
7237762
7241855
7242163
7242213
7242472
7242678
7243411
7254453
7254829
7255573
7256666
7257079
7282133
7284853
7286934
7287933
72879801
7289271
7290911
7293251
7301037
7301111
73028701
73035801
7303966
73043201
73079101
7308034
7311559
73156002
73168202
7322855
73253202
73261402
7328271
7329069
7331111
73324903
7333337
73384701
7339668
7340018
73416502
7345653
73526501
73618102
73760302
73789503
7380837
7381837
73845902
7390937
7393269
7397284
7399239
7400111
7404513
74089001
7409439
7411113
74162001
7422159
74258101
74291301
7431072
7432260
7434512
7434550
74377702
7439270
7439338
7441111
7444411
74445101
7444565
74450302
7445226
7445252
7447254
7447279
74476102
7448184
7453084
74538802
74555701
7458917
7461676
74620202
7462176
7466660
7470838
7471111
74742501
74746401
7474911
7481711
74838901
74850901
7487132
74891401
74922501
7500061
7500354
7505511
7516811
7518970
75194502
7523355
7528078
7533333
7536737
7541652
7542372
7542911
7544452
7548954
75503301
75520901
7555554
7555574
7555578
7555769
75563602
7567657
7570313
7572639
7572757
75734501
7577284
7577775
7577976
7582439
7582467
7583766
75841301
7586732
7587979
7590770
75910502
7591333
7597416
7598165
75991502
76016301
76056801
76143202
7619631
76206201
76216001
76276001
7629367
7642712
76432901
76442502
76462002
7646933
76492901
76493302
7653209
76546701
7655573
7660354
7666523
7666532
7666565
7667554
7667667
76686101
7668868
7671767
7672726
76773002
7677776
76782801
7679175
7679755
76807501
76844501
7685769
7687867
7689772
7690032
7698967
7700054
7703332
7703614
77061701
7710279
7710871
7710901
7711115
77171401
7719214
7724363
7725079
7726111
7726666
7726964
77297502
7732554
7733363
7740375
7741452
77418402
77439102
7744474
77448101
7745801
77460901
7747209
77483902
7751909
77533001
7754637
7755868
7756424
7757775
77609801
7766611
7769630
77728501
7773337
7774864
7776769
7777255
7777360
7777455
7777530
77775701
7777770
7777775
7777863
7777870
7777912
7788068
7788778
7788809
7789754
77905301
77915001
7799954
7801356
7805468
7806835
7808371
7810269
7819563
7821464
7821511
7823913
7829473
7831584
7840060
7843950
7846050
78491201
7854526
7855363
7857916
7858837
7863035
7866711
7871053
7871311
7876826
7877772
7878184
7886986
7888872
7888876
7889831
78929001
7893709
78942001
7894970
7897154
7898954
7899009
7900039
7902111
7904663
7906763
7907979
7914278
79143502
7916168
79233003
7924654
7925863
79276602
7927961
7934567
7937086
7945475
7955112
7958213
7962584
7967676
7967980
7968738
79724801
79752001
79803402
79854702
7985561
79895802
7991954
7993326
7994870
7997878
7998026
79992202
7999553
7999924
7999978
8000018
8000066
8000072
8000076
80000802
80009102
80138001
8019239
80250401
8026880
8027452
8029029
8031254
8035667
80382101
8048707
8048779
80501801
8051653
8057371
8057379
8066375
80825701
8085650
80856602
8089471
8090268
80904301
8090908
8098765
81005701
81052802
8109474
8111150
8111172
8111186
81126801
8117171
81270501
81282802
81312001
8133334
81348902
8136574
81370101
81372701
8139113
8145478
81504302
8166660
8172471
8176166
8179326
8180079
81825102
8187353
8188864
8191874
8200539
8200553
82039501
8204286
8204733
8205554
8208539
8215813
82200001
82239902
8225973
8230034
8233334
8234336
8239062
82436301
82473702
8248167
82490001
8249153
8250067
8257526
82615501
8266660
8268030
82711302
8274934
8274967
8277780
8278571
8282580
82864602
8288281
8288830
8288865
8294564
8295886
8300038
8300058
8301433
83074002
8325071
8333337
8334581
8335508
8338608
8338808
8339209
8339433
8347511
83480101
83492801
83494701
83514601
83520001
83521802
83565101
83568902
83615
8362972
83633301
8365011
8367032
8372785
8372986
8376666
8376760
8377130
8379713
83811601
83825701
83832501
8384954
83851402
8386686
83872902
8391073
8393985
8394757
8400053
84025602
8404658
8411854
84150901
8429839
8438139
8444468
8444478
8444632
8446333
8446457
8447226
8448233
84486202
8452732
8455237
8463038
8465131
8466313
8468854
8478076
8485271
84904001
8492130
84941101
8498671
8501966
8505030
8507814
85090801
85111101
8514360
85172402
8522872
85274601
85463402
85466302
85524802
8553127
8553660
8555578
85559002
85559102
85559702
85560802
8558108
8561170
85629602
8563431
85642301
85648501
8566664
8572213
85739201
85770501
85776702
85777401
8578753
8581111
8588558
8588854
8590839
85910902
85940601
8594871
85992501
8600068
8600312
8602064
8604974
8605454
8609771
8612872
8617753
8617976
86187301
8620268
8620354
8622268
86240601
8625853
8630625
8630966
8637368
8639368
8650078
86536502
8655326
8658568
8660238
86640503
86653301
8666052
8666252
8666637
8666664
8667552
86683002
86699202
8670653
8670752
86759402
8676552
8676878
8677733
8677771
86785501
86799101
8680152
8683868
8684230
8688833
86888801
8689868
86995602
8700039
8701078
8718675
87262702
87277602
8738638
8740530
87436201
8744478
8756578
8756666
8762030
8765663
87660001
87673701
87676202
8774252
8778537
8778764
8781187
8781887
8784352
8789579
8790978
8791271
8791978
8798678
8799911
8800066
88016501
8802157
8803864
8803939
8809033
88133301
8813654
8816054
88187101
88202701
88204801
8822038
8822768
88314401
8836175
88379502
88442901
8848753
88498802
88506902
8852664
88536202
8854771
8855513
88568401
8857779
8861251
8866671
8866868
8866872
8868753
8872376
88746102
8878879
8880438
88831301
88844801
8888178
8888274
8888563
8888570
8888576
8888768
8888815
8888868
8888974
88897602
8892111
88957501
8902264
8905887
89062502
8906639
8914262
8916666
8927052
8929836
89311101
89346502
893864
8941937
89487801
8951312
89536801
89554601
89614602
89614801
8961734
8965875
8974685
8975568
89771301
89773402
8981608
8981611
89844602
8989214
8990362
89906402
8992760
8993139
8999939
8999957
9000050
9000052
90016501
9001974
90047901
9011362
9012512
90197801
9024773
9031665
9034850
9037166
90375101
9057555
9067566
90782301
9078352
9087862
9092774
91
91027601
9103333
91040801
9108471
9111152
91162801
9122519
9124264
91244101
9126666
9127239
9130887
91358701
91422001
91452101
91464801
9153332
91592401
91667601
9171464
91734101
91795301
9181754
91826001
91835001
91855801
91878001
9188339
9189366
9192238
91973401
9197737
91984501
91985501
9199453
9199455
9199912
9199913
9199931
9199932
9199934
9199935
9200776
9200779
9203862
9205055
92050601
9206654
9209811
9211112
92113801
9211852
92136101
9218656
9222284
92271001
9227538
92299001
92353501
92382401
9238855
92420801
9242356
92556501
9261865
9264856
9270538
9277165
9277431
9277729
9278165
92824901
9300171
9300779
9303365
9304454
93107501
9314418
9316152
9316962
9322066
93259101
9326113
9331035
9332032
9333337
9333366
9335154
9335726
9339333
9341039
93519201
93527701
9360062
9365637
9366373
9367234
9369255
9370337
9388171
9389833
9400231
9405050
9407039
9413806
9418259
9420673
9427031
9429955
9455557
9455559
9455731
9480762
9499931
9502112
9508937
9517884
9519160
9533333
9545114
9552559
9566665
9571154
9579211
9588833
9595959
9600052
9613232
9614964
9630757
9640011
9641252
9641652
9641763
9643934
9660965
9692424
9698362
9698775
9700563
9705527
9707511
9715964
9722852
9724337
9743060
9743537
9763632
9766766
9773333
9777762
9778165
9779134
9783437
9783465
9783938
9785773
9787074
9790764
9791137
9804539
9820051
9822372
9835267
9837086
9844433
9849012
9855454
9858773
9871466
9876533
9877765
9878434
9888866
9894339
9898984
9903659
9906666
9912631
9913271
9914659
9915227
9921417
9922266
9933739
9936666
9941534
9942773
9944034
9953733
9960052
9969666
9981866
9986411
9994911
9999365
9999713
9999966
